#cruise        ID number       depth    start_time      stop_time       start_index     stop_index
emb169_flach    000596          9       1508484060.0    1508836020.0    205             6072
emb169_flach    000793          7       1508484060.0    1508836020.0    207             6074
emb169_flach    000794          5       1508484060.0    1508836020.0    209             6076
emb169_flach    001279          3       1508484060.0    1508836020.0    230            6097
emb169_flach    041954          1       1508484060.0    1508836020.0    1509            7376

emb169_tief     1207            41      2017-10-19_12:02:00    2017-10-23_15:17:00      95             6051
emb169_tief     1277            34      2017-10-19_12:02:00    2017-10-23_15:17:00      97             6053
emb169_tief     1278            27      2017-10-19_12:02:00    2017-10-23_15:17:00      99             6055
emb169_tief     1280            20      2017-10-19_12:02:00    2017-10-23_15:17:00      101             6057
emb169_tief     1282            10      2017-10-19_12:02:00    2017-10-23_15:17:00      103             6059

emb177_flach    1203            9       1519653720.0    1520412360.0    130             12775
emb177_flach    1204            7       1519653720.0    1520412360.0    130             12775
emb177_flach    1205            5       1519653720.0    1520412360.0    130             12775
emb177_flach    1206            3       1519653720.0    1520412360.0    130             12775
emb177_flach    1207            1       1519653720.0    1520412360.0    130             12775

emb177_tief     299629          14      0               0               0               -1
emb177_tief     389801          10      1520086380.0    1520408880.0    129             5505
emb177_tief     624539          6       1520086380.0    1520408880.0    124             5500
emb177_tief     774592          4       1520086380.0    1520408880.0    126             5502
emb177_tief     822175          2       1520086380.0    1520408880.0    133             5509
emb177_tief     870487          1       1520086380.0    1520408880.0    131             5507

emb217_flach    0596            7       1562830140.0    1563801660.0    1027            17220
emb217_flach    0783            5       1562830140.0    1563801660.0    1265            17458
emb217_flach    00784           3       1562830140.0    1563801660.0    1023            17216
emb217_flach    1203            1       1562830140.0    1563801660.0    1256            17449
emb217_flach    1205            0.5     1562830140.0    1563801660.0    1020            17213

emb217_tief     359559          24      1562836380.0    1563803880.0    1350            17476
emb217_tief     426001          16      1562836380.0    1563803880.0    1348            17474
emb217_tief     442342          10      1562836380.0    1563803880.0    1346            17472
emb217_tief     443238          5       1562836380.0    1563803880.0    1343            17469
emb217_tief     915401          1       1562836380.0    1563803880.0    1341            17467

